industry_name: Retail (General)
levered_beta: 0.7809280399984467
unlevered_beta: 0.7809280399984467
pretax_operating_margin: 0.0814642271153312
return_on_invested_capital: 0.30971229653467486
cost_of_capital: 0.0726607085888313
equity_risk_premium: 0.0169
as_of_date: '2026-04-30'
