risk_free_rate: 0.04360000000000001
long_bond_rate: 0.049400000000000006
baa_corporate_yield: 0.0611
fx_usd_eur: 1.1718
cpi_yoy: 0.032859577528651984
real_gdp_growth: 0.026597223313364227
credit_spread_baa: 0.017499999999999995
as_of_date: '2026-04-29'
